{
    "epm":1.040404,
    "bsm": -0.029191,
    "esm": -0.140505,
    "eprox":1.005051,
    "bprox":0.170707,
    "splash":0.054141,
    "stay_val":2.072727,
    "max_edge_str":309.0909,
    "max_stay_strn":89.64646,
    "falloff":2.026263,
    "border_cutoff":67.67677
}
