{
  "epm": 1.054545,
  "bsm": -0.06272727,
  "esm": -0.06575758,
  "eprox": 0.1409091,
  "bprox": 0.9343434,
  "splash": 0.05878788,
  "stay_val": 0.9636364,
  "max_edge_str": 360.6061,
  "max_stay_strn": 32.92929,
  "falloff": 2.007071,
  "border_cutoff": 67.92929
}
