{
  "epm": 1.063636,
  "bsm": -0.06121212,
  "esm": -0.06333333,
  "eprox": 0.1712121,
  "bprox": 0.8090909,
  "splash": 0.06121212,
  "stay_val": 1.290909,
  "max_edge_str": 313.6364,
  "max_stay_strn": 50.70707,
  "falloff": 2.076768,
  "border_cutoff": 51.76768
}
