{
    "epm": 1.1,
    "bsm": -0.02666667,
    "esm": -0.1477778,
    "eprox": 1.184848,
    "bprox": 0.3757576,
    "splash": 0.05979798,
    "stay_val": 1.939394,
    "max_edge_str": 312.1212,
    "max_stay_strn": 100.5556,
    "falloff": 2.09596,
    "border_cutoff": 61.86869
}
